10
19127021
Tran Xuan 21
21-01-2001
Male
19CLC3
1
-1
-1
-1
-1
12 6 2020 9 30 11 30 -1
19 6 2020 9 30 11 30 -1
26 6 2020 9 30 11 30 -1
3 7 2020 9 30 11 30 -1
10 7 2020 9 30 11 30 -1
17 7 2020 9 30 11 30 -1
24 7 2020 9 30 11 30 -1
31 7 2020 9 30 11 30 -1
7 8 2020 9 30 11 30 -1
14 8 2020 9 30 11 30 -1

19127022
Tran Xuan 22
22-01-2001
Male
19CLC3
1
-1
-1
-1
-1
12 6 2020 9 30 11 30 -1
19 6 2020 9 30 11 30 -1
26 6 2020 9 30 11 30 -1
3 7 2020 9 30 11 30 -1
10 7 2020 9 30 11 30 -1
17 7 2020 9 30 11 30 -1
24 7 2020 9 30 11 30 -1
31 7 2020 9 30 11 30 -1
7 8 2020 9 30 11 30 -1
14 8 2020 9 30 11 30 -1

19127023
Tran Xuan 23
23-01-2001
Male
19CLC3
1
-1
-1
-1
-1
12 6 2020 9 30 11 30 -1
19 6 2020 9 30 11 30 -1
26 6 2020 9 30 11 30 -1
3 7 2020 9 30 11 30 -1
10 7 2020 9 30 11 30 -1
17 7 2020 9 30 11 30 -1
24 7 2020 9 30 11 30 -1
31 7 2020 9 30 11 30 -1
7 8 2020 9 30 11 30 -1
14 8 2020 9 30 11 30 -1

19127024
Tran Xuan 24
24-01-2001
Male
19CLC3
1
-1
-1
-1
-1
12 6 2020 9 30 11 30 -1
19 6 2020 9 30 11 30 -1
26 6 2020 9 30 11 30 -1
3 7 2020 9 30 11 30 -1
10 7 2020 9 30 11 30 -1
17 7 2020 9 30 11 30 -1
24 7 2020 9 30 11 30 -1
31 7 2020 9 30 11 30 -1
7 8 2020 9 30 11 30 -1
14 8 2020 9 30 11 30 -1

19127025
Tran Xuan 25
25-01-2001
Male
19CLC3
1
-1
-1
-1
-1
12 6 2020 9 30 11 30 -1
19 6 2020 9 30 11 30 -1
26 6 2020 9 30 11 30 -1
3 7 2020 9 30 11 30 -1
10 7 2020 9 30 11 30 -1
17 7 2020 9 30 11 30 -1
24 7 2020 9 30 11 30 -1
31 7 2020 9 30 11 30 -1
7 8 2020 9 30 11 30 -1
14 8 2020 9 30 11 30 -1

19127026
Tran Xuan 26
26-01-2001
Male
19CLC3
1
-1
-1
-1
-1
12 6 2020 9 30 11 30 -1
19 6 2020 9 30 11 30 -1
26 6 2020 9 30 11 30 -1
3 7 2020 9 30 11 30 -1
10 7 2020 9 30 11 30 -1
17 7 2020 9 30 11 30 -1
24 7 2020 9 30 11 30 -1
31 7 2020 9 30 11 30 -1
7 8 2020 9 30 11 30 -1
14 8 2020 9 30 11 30 -1

19127027
Tran Xuan 27
27-01-2001
Male
19CLC3
1
-1
-1
-1
-1
12 6 2020 9 30 11 30 -1
19 6 2020 9 30 11 30 -1
26 6 2020 9 30 11 30 -1
3 7 2020 9 30 11 30 -1
10 7 2020 9 30 11 30 -1
17 7 2020 9 30 11 30 -1
24 7 2020 9 30 11 30 -1
31 7 2020 9 30 11 30 -1
7 8 2020 9 30 11 30 -1
14 8 2020 9 30 11 30 -1

19127028
Tran Xuan 28
28-01-2001
Male
19CLC3
1
-1
-1
-1
-1
12 6 2020 9 30 11 30 -1
19 6 2020 9 30 11 30 -1
26 6 2020 9 30 11 30 -1
3 7 2020 9 30 11 30 -1
10 7 2020 9 30 11 30 -1
17 7 2020 9 30 11 30 -1
24 7 2020 9 30 11 30 -1
31 7 2020 9 30 11 30 -1
7 8 2020 9 30 11 30 -1
14 8 2020 9 30 11 30 -1

19127029
Tran Xuan 29
29-01-2001
Male
19CLC3
1
-1
-1
-1
-1
12 6 2020 9 30 11 30 -1
19 6 2020 9 30 11 30 -1
26 6 2020 9 30 11 30 -1
3 7 2020 9 30 11 30 -1
10 7 2020 9 30 11 30 -1
17 7 2020 9 30 11 30 -1
24 7 2020 9 30 11 30 -1
31 7 2020 9 30 11 30 -1
7 8 2020 9 30 11 30 -1
14 8 2020 9 30 11 30 -1

19127030
Tran Xuan 30
30-01-2001
Male
19CLC3
1
-1
-1
-1
-1
12 6 2020 9 30 11 30 -1
19 6 2020 9 30 11 30 -1
26 6 2020 9 30 11 30 -1
3 7 2020 9 30 11 30 -1
10 7 2020 9 30 11 30 -1
17 7 2020 9 30 11 30 -1
24 7 2020 9 30 11 30 -1
31 7 2020 9 30 11 30 -1
7 8 2020 9 30 11 30 -1
14 8 2020 9 30 11 30 -1

