10
19127011
Tran Xuan 11
11-01-2001
Male
19CLC2
1
-1
-1
-1
-1
12 6 2020 7 30 11 30 -1
19 6 2020 7 30 11 30 -1
26 6 2020 7 30 11 30 -1
3 7 2020 7 30 11 30 -1
10 7 2020 7 30 11 30 -1
17 7 2020 7 30 11 30 -1
24 7 2020 7 30 11 30 -1
31 7 2020 7 30 11 30 -1
7 8 2020 7 30 11 30 -1
14 8 2020 7 30 11 30 -1

19127012
Tran Xuan 12
12-01-2001
Male
19CLC2
1
-1
-1
-1
-1
12 6 2020 7 30 11 30 -1
19 6 2020 7 30 11 30 -1
26 6 2020 7 30 11 30 -1
3 7 2020 7 30 11 30 -1
10 7 2020 7 30 11 30 -1
17 7 2020 7 30 11 30 -1
24 7 2020 7 30 11 30 -1
31 7 2020 7 30 11 30 -1
7 8 2020 7 30 11 30 -1
14 8 2020 7 30 11 30 -1

19127013
Tran Xuan 13
13-01-2001
Male
19CLC2
1
-1
-1
-1
-1
12 6 2020 7 30 11 30 -1
19 6 2020 7 30 11 30 -1
26 6 2020 7 30 11 30 -1
3 7 2020 7 30 11 30 -1
10 7 2020 7 30 11 30 -1
17 7 2020 7 30 11 30 -1
24 7 2020 7 30 11 30 -1
31 7 2020 7 30 11 30 -1
7 8 2020 7 30 11 30 -1
14 8 2020 7 30 11 30 -1

19127014
Tran Xuan 14
14-01-2001
Male
19CLC2
1
-1
-1
-1
-1
12 6 2020 7 30 11 30 -1
19 6 2020 7 30 11 30 -1
26 6 2020 7 30 11 30 -1
3 7 2020 7 30 11 30 -1
10 7 2020 7 30 11 30 -1
17 7 2020 7 30 11 30 -1
24 7 2020 7 30 11 30 -1
31 7 2020 7 30 11 30 -1
7 8 2020 7 30 11 30 -1
14 8 2020 7 30 11 30 -1

19127015
Tran Xuan 15
15-01-2001
Male
19CLC2
1
-1
-1
-1
-1
12 6 2020 7 30 11 30 -1
19 6 2020 7 30 11 30 -1
26 6 2020 7 30 11 30 -1
3 7 2020 7 30 11 30 -1
10 7 2020 7 30 11 30 -1
17 7 2020 7 30 11 30 -1
24 7 2020 7 30 11 30 -1
31 7 2020 7 30 11 30 -1
7 8 2020 7 30 11 30 -1
14 8 2020 7 30 11 30 -1

19127016
Tran Xuan 16
16-01-2001
Male
19CLC2
1
-1
-1
-1
-1
12 6 2020 7 30 11 30 -1
19 6 2020 7 30 11 30 -1
26 6 2020 7 30 11 30 -1
3 7 2020 7 30 11 30 -1
10 7 2020 7 30 11 30 -1
17 7 2020 7 30 11 30 -1
24 7 2020 7 30 11 30 -1
31 7 2020 7 30 11 30 -1
7 8 2020 7 30 11 30 -1
14 8 2020 7 30 11 30 -1

19127017
Tran Xuan 17
17-01-2001
Male
19CLC2
1
-1
-1
-1
-1
12 6 2020 7 30 11 30 -1
19 6 2020 7 30 11 30 -1
26 6 2020 7 30 11 30 -1
3 7 2020 7 30 11 30 -1
10 7 2020 7 30 11 30 -1
17 7 2020 7 30 11 30 -1
24 7 2020 7 30 11 30 -1
31 7 2020 7 30 11 30 -1
7 8 2020 7 30 11 30 -1
14 8 2020 7 30 11 30 -1

19127018
Tran Xuan 18
18-01-2001
Male
19CLC2
1
-1
-1
-1
-1
12 6 2020 7 30 11 30 -1
19 6 2020 7 30 11 30 -1
26 6 2020 7 30 11 30 -1
3 7 2020 7 30 11 30 -1
10 7 2020 7 30 11 30 -1
17 7 2020 7 30 11 30 -1
24 7 2020 7 30 11 30 -1
31 7 2020 7 30 11 30 -1
7 8 2020 7 30 11 30 -1
14 8 2020 7 30 11 30 -1

19127019
Tran Xuan 19
19-01-2001
Male
19CLC2
1
-1
-1
-1
-1
12 6 2020 7 30 11 30 -1
19 6 2020 7 30 11 30 -1
26 6 2020 7 30 11 30 -1
3 7 2020 7 30 11 30 -1
10 7 2020 7 30 11 30 -1
17 7 2020 7 30 11 30 -1
24 7 2020 7 30 11 30 -1
31 7 2020 7 30 11 30 -1
7 8 2020 7 30 11 30 -1
14 8 2020 7 30 11 30 -1

19127020
Tran Xuan 20
20-01-2001
Male
19CLC2
1
-1
-1
-1
-1
12 6 2020 7 30 11 30 -1
19 6 2020 7 30 11 30 -1
26 6 2020 7 30 11 30 -1
3 7 2020 7 30 11 30 -1
10 7 2020 7 30 11 30 -1
17 7 2020 7 30 11 30 -1
24 7 2020 7 30 11 30 -1
31 7 2020 7 30 11 30 -1
7 8 2020 7 30 11 30 -1
14 8 2020 7 30 11 30 -1

